2000,
2000,
1098,
1098,
-794,
-794,
-1970,
-1970,
-1370,
-1370,
466,
466,
1881,
1881,
1600,
1600,
-124,
-124,
-1736,
-1736,
-1783,
-1783,
-222,
-222,
1539,
1539,
1913,
1913,
561,
561,
-1296,
-1296,
-1985,
-1985,
-884,
-884,
1014,
1014,
1998,
1998,
1180,
1180,
-702,
-702,
-1951,
-1951,
-1440,
-1440,
369,
369,
1845,
1845,
1658,
1658,
-25,
-25,
-1685,
-1685,
-1826,
-1826,
-320,
-320,
1474,
1474,
1939,
1939,
656,
656,
-1219,
-1219,
-1994,
-1994,
-971,
-971,
928,
928,
1990,
1990,
1258,
1258,
-609,
-609,
-1926,
-1926,
-1507,
-1507,
271,
271,
1805,
1805,
1711,
1711,
74,
74,
-1630,
-1630,
-1864,
-1864,
-417,
-417,
1405,
1405,
1961,
1961,
748,
748,
-1139,
-1139,
-1999,
-1999,
-1057,
-1057,
839,
839,
1978,
1978,
1333,
1333,
-514,
-514,
-1897,
-1897,
-1570,
-1570,
173,
173,
1760,
1760,
1760,
1760,
173,
173,
-1570,
-1570,
-1897,
-1897,
-514,
-514,
1333,
1333,
1978,
1978,
839,
839,
-1057,
-1057,
-1999,
-1999,
-1139,
-1139,
748,
748,
1961,
1961,
1405,
1405,
-417,
-417,
-1864,
-1864,
-1630,
-1630,
74,
74,
1711,
1711,
1805,
1805,
271,
271,
-1507,
-1507,
-1926,
-1926,
-609,
-609,
1258,
1258,
1990,
1990,
928,
928,
-971,
-971,
-1994,
-1994,
-1219,
-1219,
656,
656,
1939,
1939,
1474,
1474,
-320,
-320,
-1826,
-1826,
-1685,
-1685,
-25,
-25,
1658,
1658,
1845,
1845,
369,
369,
-1440,
-1440,
-1951,
-1951,
-702,
-702,
1180,
1180,
1998,
1998,
1014,
1014,
-884,
-884,
-1985,
-1985,
-1296,
-1296,
561,
561,
1913,
1913,
1539,
1539,
-222,
-222,
-1783,
-1783,
-1736,
-1736,
-124,
-124,
1600,
1600,
1881,
1881,
466,
466,
-1370,
-1370,
-1970,
-1970,
-794,
-794,
1098,
1098,
2000,
2000,
1098,
1098,
-794,
-794,
-1970,
-1970,
-1370,
-1370,
466,
466,
1881,
1881,
1600,
1600,
-124,
-124,
-1736,
-1736,
-1783,
-1783,
-222,
-222,
1539,
1539,
1913,
1913,
561,
561,
-1296,
-1296,
-1985,
-1985,
-884,
-884,
1014,
1014,
1998,
1998,
1180,
1180,
-702,
-702,
-1951,
-1951,
-1440,
-1440,
369,
369,
1845,
1845,
1658,
1658,
-25,
-25,
-1685,
-1685,
-1826,
-1826,
-320,
-320,
1474,
1474,
1939,
1939,
656,
656,
-1219,
-1219,
-1994,
-1994,
-971,
-971,
928,
928,
1990,
1990,
1258,
1258,
-609,
-609,
-1926,
-1926,
-1507,
-1507,
271,
271,
1805,
1805,
1711,
1711,
74,
74,
-1630,
-1630,
-1864,
-1864,
-417,
-417,
1405,
1405,
1961,
1961,
748,
748,
-1139,
-1139,
-1999,
-1999,
-1057,
-1057,
839,
839,
1978,
1978,
1333,
1333,
-514,
-514,
-1897,
-1897,
-1570,
-1570,
173,
173,
1760,
1760,
1760,
1760,
173,
173,
-1570,
-1570,
-1897,
-1897,
-514,
-514,
1333,
1333,
1978,
1978,
839,
839,
-1057,
-1057,
-1999,
-1999,
-1139,
-1139,
748,
748,
1961,
1961,
1405,
1405,
-417,
-417,
-1864,
-1864,
-1630,
-1630,
74,
74,
1711,
1711,
1805,
1805,
271,
271,
-1507,
-1507,
-1926,
-1926,
-609,
-609,
1258,
1258,
1990,
1990,
928,
928,
-971,
-971,
-1994,
-1994,
-1219,
-1219,
656,
656,
1939,
1939,
1474,
1474,
-320,
-320,
-1826,
-1826,
-1685,
-1685,
-25,
-25,
1658,
1658,
1845,
1845,
369,
369,
-1440,
-1440,
-1951,
-1951,
-702,
-702,
1180,
1180,
1998,
1998,
1014,
1014,
-884,
-884,
-1985,
-1985,
-1296,
-1296,
561,
561,
1913,
1913,
1539,
1539,
-222,
-222,
-1783,
-1783,
-1736,
-1736,
-124,
-124,
1600,
1600,
1881,
1881,
466,
466,
-1370,
-1370,
-1970,
-1970,
-794,
-794,
1098,
1098,
2000,
2000,
1098,
1098,
-794,
-794,
-1970,
-1970,
-1370,
-1370,
466,
466,
1881,
1881,
1600,
1600,
-124,
-124,
-1736,
-1736,
-1783,
-1783,
-222,
-222,
1539,
1539,
1913,
1913,
561,
561,
-1296,
-1296,
-1985,
-1985,
-884,
-884,
1014,
1014,
1998,
1998,
1180,
1180,
-702,
-702,
-1951,
-1951,
-1440,
-1440,
369,
369,
1845,
1845,
1658,
1658,
-25,
-25,
-1685,
-1685,
-1826,
-1826,
-320,
-320,
1474,
1474,
1939,
1939,
656,
656,
-1219,
-1219,
-1994,
-1994,
-971,
-971,
928,
928,
1990,
1990,
1258,
1258,
-609,
-609,
-1926,
-1926,
-1507,
-1507,
271,
271,
1805,
1805,
1711,
1711,
74,
74,
-1630,
-1630,
-1864,
-1864,
-417,
-417,
1405,
1405,
1961,
1961,
748,
748,
-1139,
-1139,
-1999,
-1999,
-1057,
-1057,
839,
839,
1978,
1978,
1333,
1333,
-514,
-514,
-1897,
-1897,
-1570,
-1570,
173,
173,
1760,
1760,
1760,
1760,
173,
173,
-1570,
-1570,
-1897,
-1897,
-514,
-514,
1333,
1333,
1978,
1978,
839,
839,
-1057,
-1057,
-1999,
-1999,
-1139,
-1139,
748,
748,
1961,
1961,
1405,
1405,
-417,
-417,
-1864,
-1864,
-1630,
-1630,
74,
74,
1711,
1711,
1805,
1805,
271,
271,
-1507,
-1507,
-1926,
-1926,
-609,
-609,
1258,
1258,
1990,
1990,
928,
928,
-971,
-971,
-1994,
-1994,
-1219,
-1219,
656,
656,
1939,
1939,
1474,
1474,
-320,
-320,
-1826,
-1826,
-1685,
-1685,
-25,
-25,
1658,
1658,
1845,
1845,
369,
369,
-1440,
-1440,
-1951,
-1951,
-702,
-702,
1180,
1180,
1998,
1998,
1014,
1014,
-884,
-884,
-1985,
-1985,
-1296,
-1296,
561,
561,
1913,
1913,
1539,
1539,
-222,
-222,
-1783,
-1783,
-1736,
-1736,
-124,
-124,
1600,
1600,
1881,
1881,
466,
466,
-1370,
-1370,
-1970,
-1970,
-794,
-794,
1098,
1098,
2000,
2000,
1098,
1098,
-794,
-794,
-1970,
-1970,
-1370,
-1370,
466,
466,
1881,
1881,
1600,
1600,
-124,
-124,
-1736,
-1736,
-1783,
-1783,
-222,
-222,
1539,
1539,
1913,
1913,
561,
561,
-1296,
-1296,
-1985,
-1985,
-884,
-884,
1014,
1014,
1998,
1998,
1180,
1180,
-702,
-702,
-1951,
-1951,
-1440,
-1440,
369,
369,
1845,
1845,
1658,
1658,
-25,
-25,
-1685,
-1685,
-1826,
-1826,
-320,
-320,
1474,
1474,
1939,
1939,
656,
656,
-1219,
-1219,
-1994,
-1994,
-971,
-971,
928,
928,
1990,
1990,
1258,
1258,
-609,
-609,
-1926,
-1926,
-1507,
-1507,
271,
271,
1805,
1805,
1711,
1711,
74,
74,
-1630,
-1630,
-1864,
-1864,
-417,
-417,
1405,
1405,
1961,
1961,
748,
748,
-1139,
-1139,
-1999,
-1999,
-1057,
-1057,
839,
839,
1978,
1978,
1333,
1333,
-514,
-514,
-1897,
-1897,
-1570,
-1570,
173,
173,
1760,
1760,
1760,
1760,
173,
173,
-1570,
-1570,
-1897,
-1897,
-514,
-514,
1333,
1333,
1978,
1978,
839,
839,
-1057,
-1057,
-1999,
-1999,
-1139,
-1139,
748,
748,
1961,
1961,
1405,
1405,
-417,
-417,
-1864,
-1864,
-1630,
-1630,
74,
74,
1711,
1711,
1805,
1805,
271,
271,
-1507,
-1507,
-1926,
-1926,
-609,
-609,
1258,
1258,
1990,
1990,
928,
928,
-971,
-971,
-1994,
-1994,
-1219,
-1219,
656,
656,
1939,
1939,
1474,
1474,
-320,
-320,
-1826,
-1826,
-1685,
-1685,
-25,
-25,
1658,
1658,
1845,
1845,
369,
369,
-1440,
-1440,
-1951,
-1951,
-702,
-702,
1180,
1180,
1998,
1998,
1014,
1014,
-884,
-884,
-1985,
-1985,
-1296,
-1296,
561,
561,
1913,
1913,
1539,
1539,
-222,
-222,
-1783,
-1783,
-1736,
-1736,
-124,
-124,
1600,
1600,
1881,
1881,
466,
466,
-1370,
-1370,
-1970,
-1970,
-794,
-794,
1098,
1098,
2000,
2000,
1098,
1098,
-794,
-794,
-1970,
-1970,
