1000,
0,
549,
852,
-397,
1486,
-985,
1755,
-685,
1621,
233,
1168,
941,
570,
800,
25,
-62,
-305,
-868,
-355,
-892,
-167,
-111,
122,
770,
337,
956,
334,
281,
48,
-648,
-470,
-992,
-1073,
-442,
-1564,
507,
-1761,
999,
-1560,
590,
-978,
-351,
-148,
-975,
720,
-720,
1404,
184,
1739,
923,
1670,
829,
1260,
-12,
671,
-842,
104,
-913,
-269,
-160,
-366,
737,
-210,
970,
74,
328,
313,
-610,
354,
-997,
114,
-486,
-373,
464,
-975,
995,
-1499,
629,
-1754,
-304,
-1622,
-963,
-1097,
-754,
-296,
136,
583,
902,
1311,
856,
1711,
37,
1708,
-815,
1346,
-932,
773,
-209,
189,
703,
-225,
980,
-369,
374,
-249,
-570,
24,
-1000,
284,
-528,
365,
420,
173,
989,
-279,
667,
-875,
-257,
-1426,
-949,
-1736,
-785,
-1672,
86,
-1208,
880,
-441,
880,
441,
86,
1208,
-785,
1672,
-949,
1736,
-257,
1426,
667,
875,
989,
279,
420,
-173,
-528,
-365,
-1000,
-284,
-570,
-24,
374,
249,
980,
369,
703,
225,
-209,
-189,
-932,
-773,
-815,
-1346,
37,
-1708,
856,
-1711,
902,
-1311,
136,
-583,
-754,
296,
-963,
1097,
-304,
1622,
629,
1754,
995,
1499,
464,
975,
-486,
373,
-997,
-114,
-610,
-354,
328,
-313,
970,
-74,
737,
210,
-160,
366,
-913,
269,
-842,
-104,
-12,
-671,
829,
-1260,
923,
-1670,
184,
-1739,
-720,
-1404,
-975,
-720,
-351,
148,
590,
978,
999,
1560,
507,
1761,
-442,
1564,
-992,
1073,
-648,
470,
281,
-48,
956,
-334,
770,
-337,
-111,
-122,
-892,
167,
-868,
355,
-62,
305,
800,
-25,
941,
-570,
233,
-1168,
-685,
-1621,
-985,
-1755,
-397,
-1486,
549,
-852,
1000,
0,
549,
852,
-397,
1486,
-985,
1755,
-685,
1621,
233,
1168,
941,
570,
800,
25,
-62,
-305,
-868,
-355,
-892,
-167,
-111,
122,
770,
337,
956,
334,
281,
48,
-648,
-470,
-992,
-1073,
-442,
-1564,
507,
-1761,
999,
-1560,
590,
-978,
-351,
-148,
-975,
720,
-720,
1404,
184,
1739,
923,
1670,
829,
1260,
-12,
671,
-842,
104,
-913,
-269,
-160,
-366,
737,
-210,
970,
74,
328,
313,
-610,
354,
-997,
114,
-486,
-373,
464,
-975,
995,
-1499,
629,
-1754,
-304,
-1622,
-963,
-1097,
-754,
-296,
136,
583,
902,
1311,
856,
1711,
37,
1708,
-815,
1346,
-932,
773,
-209,
189,
703,
-225,
980,
-369,
374,
-249,
-570,
24,
-1000,
284,
-528,
365,
420,
173,
989,
-279,
667,
-875,
-257,
-1426,
-949,
-1736,
-785,
-1672,
86,
-1208,
880,
-441,
880,
441,
86,
1208,
-785,
1672,
-949,
1736,
-257,
1426,
667,
875,
989,
279,
420,
-173,
-528,
-365,
-1000,
-284,
-570,
-24,
374,
249,
980,
369,
703,
225,
-209,
-189,
-932,
-773,
-815,
-1346,
37,
-1708,
856,
-1711,
902,
-1311,
136,
-583,
-754,
296,
-963,
1097,
-304,
1622,
629,
1754,
995,
1499,
464,
975,
-486,
373,
-997,
-114,
-610,
-354,
328,
-313,
970,
-74,
737,
210,
-160,
366,
-913,
269,
-842,
-104,
-12,
-671,
829,
-1260,
923,
-1670,
184,
-1739,
-720,
-1404,
-975,
-720,
-351,
148,
590,
978,
999,
1560,
507,
1761,
-442,
1564,
-992,
1073,
-648,
470,
281,
-48,
956,
-334,
770,
-337,
-111,
-122,
-892,
167,
-868,
355,
-62,
305,
800,
-25,
941,
-570,
233,
-1168,
-685,
-1621,
-985,
-1755,
-397,
-1486,
549,
-852,
1000,
0,
549,
852,
-397,
1486,
-985,
1755,
-685,
1621,
233,
1168,
941,
570,
800,
25,
-62,
-305,
-868,
-355,
-892,
-167,
-111,
122,
770,
337,
956,
334,
281,
48,
-648,
-470,
-992,
-1073,
-442,
-1564,
507,
-1761,
999,
-1560,
590,
-978,
-351,
-148,
-975,
720,
-720,
1404,
184,
1739,
923,
1670,
829,
1260,
-12,
671,
-842,
104,
-913,
-269,
-160,
-366,
737,
-210,
970,
74,
328,
313,
-610,
354,
-997,
114,
-486,
-373,
464,
-975,
995,
-1499,
629,
-1754,
-304,
-1622,
-963,
-1097,
-754,
-296,
136,
583,
902,
1311,
856,
1711,
37,
1708,
-815,
1346,
-932,
773,
-209,
189,
703,
-225,
980,
-369,
374,
-249,
-570,
24,
-1000,
284,
-528,
365,
420,
173,
989,
-279,
667,
-875,
-257,
-1426,
-949,
-1736,
-785,
-1672,
86,
-1208,
880,
-441,
880,
441,
86,
1208,
-785,
1672,
-949,
1736,
-257,
1426,
667,
875,
989,
279,
420,
-173,
-528,
-365,
-1000,
-284,
-570,
-24,
374,
249,
980,
369,
703,
225,
-209,
-189,
-932,
-773,
-815,
-1346,
37,
-1708,
856,
-1711,
902,
-1311,
136,
-583,
-754,
296,
-963,
1097,
-304,
1622,
629,
1754,
995,
1499,
464,
975,
-486,
373,
-997,
-114,
-610,
-354,
328,
-313,
970,
-74,
737,
210,
-160,
366,
-913,
269,
-842,
-104,
-12,
-671,
829,
-1260,
923,
-1670,
184,
-1739,
-720,
-1404,
-975,
-720,
-351,
148,
590,
978,
999,
1560,
507,
1761,
-442,
1564,
-992,
1073,
-648,
470,
281,
-48,
956,
-334,
770,
-337,
-111,
-122,
-892,
167,
-868,
355,
-62,
305,
800,
-25,
941,
-570,
233,
-1168,
-685,
-1621,
-985,
-1755,
-397,
-1486,
549,
-852,
1000,
0,
549,
852,
-397,
1486,
-985,
1755,
-685,
1621,
233,
1168,
941,
570,
800,
25,
-62,
-305,
-868,
-355,
-892,
-167,
-111,
122,
770,
337,
956,
334,
281,
48,
-648,
-470,
-992,
-1073,
-442,
-1564,
507,
-1761,
999,
-1560,
590,
-978,
-351,
-148,
-975,
720,
-720,
1404,
184,
1739,
923,
1670,
829,
1260,
-12,
671,
-842,
104,
-913,
-269,
-160,
-366,
737,
-210,
970,
74,
328,
313,
-610,
354,
-997,
114,
-486,
-373,
464,
-975,
995,
-1499,
629,
-1754,
-304,
-1622,
-963,
-1097,
-754,
-296,
136,
583,
902,
1311,
856,
1711,
37,
1708,
-815,
1346,
-932,
773,
-209,
189,
703,
-225,
980,
-369,
374,
-249,
-570,
24,
-1000,
284,
-528,
365,
420,
173,
989,
-279,
667,
-875,
-257,
-1426,
-949,
-1736,
-785,
-1672,
86,
-1208,
880,
-441,
880,
441,
86,
1208,
-785,
1672,
-949,
1736,
-257,
1426,
667,
875,
989,
279,
420,
-173,
-528,
-365,
-1000,
-284,
-570,
-24,
374,
249,
980,
369,
703,
225,
-209,
-189,
-932,
-773,
-815,
-1346,
37,
-1708,
856,
-1711,
902,
-1311,
136,
-583,
-754,
296,
-963,
1097,
-304,
1622,
629,
1754,
995,
1499,
464,
975,
-486,
373,
-997,
-114,
-610,
-354,
328,
-313,
970,
-74,
737,
210,
-160,
366,
-913,
269,
-842,
-104,
-12,
-671,
829,
-1260,
923,
-1670,
184,
-1739,
-720,
-1404,
-975,
-720,
-351,
148,
590,
978,
999,
1560,
507,
1761,
-442,
1564,
-992,
1073,
-648,
470,
281,
-48,
956,
-334,
770,
-337,
-111,
-122,
-892,
167,
-868,
355,
-62,
305,
800,
-25,
941,
-570,
233,
-1168,
-685,
-1621,
-985,
-1755,
-397,
-1486,
549,
-852,
1000,
0,
549,
852,
-397,
1486,
-985,
1755,
