2000,
0,
1405,
950,
-25,
1671,
-1440,
1993,
-1999,
1836,
-1370,
1239,
74,
345,
1474,
-632,
1998,
-1457,
1333,
-1933,
-124,
-1945,
-1507,
-1491,
-1994,
-679,
-1296,
296,
173,
1199,
1539,
1816,
1990,
1996,
1258,
1698,
-222,
993,
-1570,
49,
-1985,
-906,
-1219,
-1644,
271,
-1988,
1600,
-1855,
1978,
-1277,
1180,
-393,
-320,
585,
-1630,
1423,
-1970,
1920,
-1139,
1956,
369,
1523,
1658,
725,
1961,
-247,
1098,
-1160,
-417,
-1794,
-1685,
-1999,
-1951,
-1724,
-1057,
-1035,
466,
-99,
1711,
861,
1939,
1615,
1014,
1982,
-514,
1873,
-1736,
1315,
-1926,
442,
-971,
-538,
561,
-1388,
1760,
-1905,
1913,
-1966,
928,
-1555,
-609,
-771,
-1783,
198,
-1897,
1119,
-884,
1772,
656,
2000,
1805,
1748,
1881,
1077,
839,
148,
-702,
-816,
-1826,
-1585,
-1864,
-1974,
-794,
-1890,
748,
-1352,
1845,
-490,
1845,
490,
748,
1352,
-794,
1890,
-1864,
1974,
-1826,
1585,
-702,
816,
839,
-148,
1881,
-1077,
1805,
-1748,
656,
-2000,
-884,
-1772,
-1897,
-1119,
-1783,
-198,
-609,
771,
928,
1555,
1913,
1966,
1760,
1905,
561,
1388,
-971,
538,
-1926,
-442,
-1736,
-1315,
-514,
-1873,
1014,
-1982,
1939,
-1615,
1711,
-861,
466,
99,
-1057,
1035,
-1951,
1724,
-1685,
1999,
-417,
1794,
1098,
1160,
1961,
247,
1658,
-725,
369,
-1523,
-1139,
-1956,
-1970,
-1920,
-1630,
-1423,
-320,
-585,
1180,
393,
1978,
1277,
1600,
1855,
271,
1988,
-1219,
1644,
-1985,
906,
-1570,
-49,
-222,
-993,
1258,
-1698,
1990,
-1996,
1539,
-1816,
173,
-1199,
-1296,
-296,
-1994,
679,
-1507,
1491,
-124,
1945,
1333,
1933,
1998,
1457,
1474,
632,
74,
-345,
-1370,
-1239,
-1999,
-1836,
-1440,
-1993,
-25,
-1671,
1405,
-950,
2000,
0,
1405,
950,
-25,
1671,
-1440,
1993,
-1999,
1836,
-1370,
1239,
74,
345,
1474,
-632,
1998,
-1457,
1333,
-1933,
-124,
-1945,
-1507,
-1491,
-1994,
-679,
-1296,
296,
173,
1199,
1539,
1816,
1990,
1996,
1258,
1698,
-222,
993,
-1570,
49,
-1985,
-906,
-1219,
-1644,
271,
-1988,
1600,
-1855,
1978,
-1277,
1180,
-393,
-320,
585,
-1630,
1423,
-1970,
1920,
-1139,
1956,
369,
1523,
1658,
725,
1961,
-247,
1098,
-1160,
-417,
-1794,
-1685,
-1999,
-1951,
-1724,
-1057,
-1035,
466,
-99,
1711,
861,
1939,
1615,
1014,
1982,
-514,
1873,
-1736,
1315,
-1926,
442,
-971,
-538,
561,
-1388,
1760,
-1905,
1913,
-1966,
928,
-1555,
-609,
-771,
-1783,
198,
-1897,
1119,
-884,
1772,
656,
2000,
1805,
1748,
1881,
1077,
839,
148,
-702,
-816,
-1826,
-1585,
-1864,
-1974,
-794,
-1890,
748,
-1352,
1845,
-490,
1845,
490,
748,
1352,
-794,
1890,
-1864,
1974,
-1826,
1585,
-702,
816,
839,
-148,
1881,
-1077,
1805,
-1748,
656,
-2000,
-884,
-1772,
-1897,
-1119,
-1783,
-198,
-609,
771,
928,
1555,
1913,
1966,
1760,
1905,
561,
1388,
-971,
538,
-1926,
-442,
-1736,
-1315,
-514,
-1873,
1014,
-1982,
1939,
-1615,
1711,
-861,
466,
99,
-1057,
1035,
-1951,
1724,
-1685,
1999,
-417,
1794,
1098,
1160,
1961,
247,
1658,
-725,
369,
-1523,
-1139,
-1956,
-1970,
-1920,
-1630,
-1423,
-320,
-585,
1180,
393,
1978,
1277,
1600,
1855,
271,
1988,
-1219,
1644,
-1985,
906,
-1570,
-49,
-222,
-993,
1258,
-1698,
1990,
-1996,
1539,
-1816,
173,
-1199,
-1296,
-296,
-1994,
679,
-1507,
1491,
-124,
1945,
1333,
1933,
1998,
1457,
1474,
632,
74,
-345,
-1370,
-1239,
-1999,
-1836,
-1440,
-1993,
-25,
-1671,
1405,
-950,
2000,
0,
1405,
950,
-25,
1671,
-1440,
1993,
-1999,
1836,
-1370,
1239,
74,
345,
1474,
-632,
1998,
-1457,
1333,
-1933,
-124,
-1945,
-1507,
-1491,
-1994,
-679,
-1296,
296,
173,
1199,
1539,
1816,
1990,
1996,
1258,
1698,
-222,
993,
-1570,
49,
-1985,
-906,
-1219,
-1644,
271,
-1988,
1600,
-1855,
1978,
-1277,
1180,
-393,
-320,
585,
-1630,
1423,
-1970,
1920,
-1139,
1956,
369,
1523,
1658,
725,
1961,
-247,
1098,
-1160,
-417,
-1794,
-1685,
-1999,
-1951,
-1724,
-1057,
-1035,
466,
-99,
1711,
861,
1939,
1615,
1014,
1982,
-514,
1873,
-1736,
1315,
-1926,
442,
-971,
-538,
561,
-1388,
1760,
-1905,
1913,
-1966,
928,
-1555,
-609,
-771,
-1783,
198,
-1897,
1119,
-884,
1772,
656,
2000,
1805,
1748,
1881,
1077,
839,
148,
-702,
-816,
-1826,
-1585,
-1864,
-1974,
-794,
-1890,
748,
-1352,
1845,
-490,
1845,
490,
748,
1352,
-794,
1890,
-1864,
1974,
-1826,
1585,
-702,
816,
839,
-148,
1881,
-1077,
1805,
-1748,
656,
-2000,
-884,
-1772,
-1897,
-1119,
-1783,
-198,
-609,
771,
928,
1555,
1913,
1966,
1760,
1905,
561,
1388,
-971,
538,
-1926,
-442,
-1736,
-1315,
-514,
-1873,
1014,
-1982,
1939,
-1615,
1711,
-861,
466,
99,
-1057,
1035,
-1951,
1724,
-1685,
1999,
-417,
1794,
1098,
1160,
1961,
247,
1658,
-725,
369,
-1523,
-1139,
-1956,
-1970,
-1920,
-1630,
-1423,
-320,
-585,
1180,
393,
1978,
1277,
1600,
1855,
271,
1988,
-1219,
1644,
-1985,
906,
-1570,
-49,
-222,
-993,
1258,
-1698,
1990,
-1996,
1539,
-1816,
173,
-1199,
-1296,
-296,
-1994,
679,
-1507,
1491,
-124,
1945,
1333,
1933,
1998,
1457,
1474,
632,
74,
-345,
-1370,
-1239,
-1999,
-1836,
-1440,
-1993,
-25,
-1671,
1405,
-950,
2000,
0,
1405,
950,
-25,
1671,
-1440,
1993,
-1999,
1836,
-1370,
1239,
74,
345,
1474,
-632,
1998,
-1457,
1333,
-1933,
-124,
-1945,
-1507,
-1491,
-1994,
-679,
-1296,
296,
173,
1199,
1539,
1816,
1990,
1996,
1258,
1698,
-222,
993,
-1570,
49,
-1985,
-906,
-1219,
-1644,
271,
-1988,
1600,
-1855,
1978,
-1277,
1180,
-393,
-320,
585,
-1630,
1423,
-1970,
1920,
-1139,
1956,
369,
1523,
1658,
725,
1961,
-247,
1098,
-1160,
-417,
-1794,
-1685,
-1999,
-1951,
-1724,
-1057,
-1035,
466,
-99,
1711,
861,
1939,
1615,
1014,
1982,
-514,
1873,
-1736,
1315,
-1926,
442,
-971,
-538,
561,
-1388,
1760,
-1905,
1913,
-1966,
928,
-1555,
-609,
-771,
-1783,
198,
-1897,
1119,
-884,
1772,
656,
2000,
1805,
1748,
1881,
1077,
839,
148,
-702,
-816,
-1826,
-1585,
-1864,
-1974,
-794,
-1890,
748,
-1352,
1845,
-490,
1845,
490,
748,
1352,
-794,
1890,
-1864,
1974,
-1826,
1585,
-702,
816,
839,
-148,
1881,
-1077,
1805,
-1748,
656,
-2000,
-884,
-1772,
-1897,
-1119,
-1783,
-198,
-609,
771,
928,
1555,
1913,
1966,
1760,
1905,
561,
1388,
-971,
538,
-1926,
-442,
-1736,
-1315,
-514,
-1873,
1014,
-1982,
1939,
-1615,
1711,
-861,
466,
99,
-1057,
1035,
-1951,
1724,
-1685,
1999,
-417,
1794,
1098,
1160,
1961,
247,
1658,
-725,
369,
-1523,
-1139,
-1956,
-1970,
-1920,
-1630,
-1423,
-320,
-585,
1180,
393,
1978,
1277,
1600,
1855,
271,
1988,
-1219,
1644,
-1985,
906,
-1570,
-49,
-222,
-993,
1258,
-1698,
1990,
-1996,
1539,
-1816,
173,
-1199,
-1296,
-296,
-1994,
679,
-1507,
1491,
-124,
1945,
1333,
1933,
1998,
1457,
1474,
632,
74,
-345,
-1370,
-1239,
-1999,
-1836,
-1440,
-1993,
-25,
-1671,
1405,
-950,
2000,
0,
1405,
950,
-25,
1671,
-1440,
1993,
