2000,
0,
1098,
1119,
-794,
1855,
-1970,
1956,
-1370,
1388,
466,
345,
1881,
-816,
1600,
-1698,
-124,
-1999,
-1736,
-1615,
-1783,
-679,
-222,
490,
1539,
1491,
1913,
1982,
561,
1794,
-1296,
993,
-1985,
-148,
-884,
-1239,
1014,
-1905,
1998,
-1920,
1180,
-1277,
-702,
-198,
-1951,
950,
-1440,
1772,
369,
1988,
1845,
1523,
1658,
538,
-25,
-632,
-1685,
-1585,
-1826,
-1996,
-320,
-1724,
1474,
-861,
1939,
296,
656,
1352,
-1219,
1945,
-1994,
1873,
-971,
1160,
928,
49,
1990,
-1077,
1258,
-1836,
-609,
-1966,
-1926,
-1423,
-1507,
-393,
271,
771,
1805,
1671,
1711,
2000,
74,
1644,
-1630,
725,
-1864,
-442,
-417,
-1457,
1405,
-1974,
1961,
-1816,
748,
-1035,
-1139,
99,
-1999,
1199,
-1057,
1890,
839,
1933,
1978,
1315,
1333,
247,
-514,
-906,
-1897,
-1748,
-1570,
-1993,
173,
-1555,
1760,
-585,
1760,
585,
173,
1555,
-1570,
1993,
-1897,
1748,
-514,
906,
1333,
-247,
1978,
-1315,
839,
-1933,
-1057,
-1890,
-1999,
-1199,
-1139,
-99,
748,
1035,
1961,
1816,
1405,
1974,
-417,
1457,
-1864,
442,
-1630,
-725,
74,
-1644,
1711,
-2000,
1805,
-1671,
271,
-771,
-1507,
393,
-1926,
1423,
-609,
1966,
1258,
1836,
1990,
1077,
928,
-49,
-971,
-1160,
-1994,
-1873,
-1219,
-1945,
656,
-1352,
1939,
-296,
1474,
861,
-320,
1724,
-1826,
1996,
-1685,
1585,
-25,
632,
1658,
-538,
1845,
-1523,
369,
-1988,
-1440,
-1772,
-1951,
-950,
-702,
198,
1180,
1277,
1998,
1920,
1014,
1905,
-884,
1239,
-1985,
148,
-1296,
-993,
561,
-1794,
1913,
-1982,
1539,
-1491,
-222,
-490,
-1783,
679,
-1736,
1615,
-124,
1999,
1600,
1698,
1881,
816,
466,
-345,
-1370,
-1388,
-1970,
-1956,
-794,
-1855,
1098,
-1119,
2000,
0,
1098,
1119,
-794,
1855,
-1970,
1956,
-1370,
1388,
466,
345,
1881,
-816,
1600,
-1698,
-124,
-1999,
-1736,
-1615,
-1783,
-679,
-222,
490,
1539,
1491,
1913,
1982,
561,
1794,
-1296,
993,
-1985,
-148,
-884,
-1239,
1014,
-1905,
1998,
-1920,
1180,
-1277,
-702,
-198,
-1951,
950,
-1440,
1772,
369,
1988,
1845,
1523,
1658,
538,
-25,
-632,
-1685,
-1585,
-1826,
-1996,
-320,
-1724,
1474,
-861,
1939,
296,
656,
1352,
-1219,
1945,
-1994,
1873,
-971,
1160,
928,
49,
1990,
-1077,
1258,
-1836,
-609,
-1966,
-1926,
-1423,
-1507,
-393,
271,
771,
1805,
1671,
1711,
2000,
74,
1644,
-1630,
725,
-1864,
-442,
-417,
-1457,
1405,
-1974,
1961,
-1816,
748,
-1035,
-1139,
99,
-1999,
1199,
-1057,
1890,
839,
1933,
1978,
1315,
1333,
247,
-514,
-906,
-1897,
-1748,
-1570,
-1993,
173,
-1555,
1760,
-585,
1760,
585,
173,
1555,
-1570,
1993,
-1897,
1748,
-514,
906,
1333,
-247,
1978,
-1315,
839,
-1933,
-1057,
-1890,
-1999,
-1199,
-1139,
-99,
748,
1035,
1961,
1816,
1405,
1974,
-417,
1457,
-1864,
442,
-1630,
-725,
74,
-1644,
1711,
-2000,
1805,
-1671,
271,
-771,
-1507,
393,
-1926,
1423,
-609,
1966,
1258,
1836,
1990,
1077,
928,
-49,
-971,
-1160,
-1994,
-1873,
-1219,
-1945,
656,
-1352,
1939,
-296,
1474,
861,
-320,
1724,
-1826,
1996,
-1685,
1585,
-25,
632,
1658,
-538,
1845,
-1523,
369,
-1988,
-1440,
-1772,
-1951,
-950,
-702,
198,
1180,
1277,
1998,
1920,
1014,
1905,
-884,
1239,
-1985,
148,
-1296,
-993,
561,
-1794,
1913,
-1982,
1539,
-1491,
-222,
-490,
-1783,
679,
-1736,
1615,
-124,
1999,
1600,
1698,
1881,
816,
466,
-345,
-1370,
-1388,
-1970,
-1956,
-794,
-1855,
1098,
-1119,
2000,
0,
1098,
1119,
-794,
1855,
-1970,
1956,
-1370,
1388,
466,
345,
1881,
-816,
1600,
-1698,
-124,
-1999,
-1736,
-1615,
-1783,
-679,
-222,
490,
1539,
1491,
1913,
1982,
561,
1794,
-1296,
993,
-1985,
-148,
-884,
-1239,
1014,
-1905,
1998,
-1920,
1180,
-1277,
-702,
-198,
-1951,
950,
-1440,
1772,
369,
1988,
1845,
1523,
1658,
538,
-25,
-632,
-1685,
-1585,
-1826,
-1996,
-320,
-1724,
1474,
-861,
1939,
296,
656,
1352,
-1219,
1945,
-1994,
1873,
-971,
1160,
928,
49,
1990,
-1077,
1258,
-1836,
-609,
-1966,
-1926,
-1423,
-1507,
-393,
271,
771,
1805,
1671,
1711,
2000,
74,
1644,
-1630,
725,
-1864,
-442,
-417,
-1457,
1405,
-1974,
1961,
-1816,
748,
-1035,
-1139,
99,
-1999,
1199,
-1057,
1890,
839,
1933,
1978,
1315,
1333,
247,
-514,
-906,
-1897,
-1748,
-1570,
-1993,
173,
-1555,
1760,
-585,
1760,
585,
173,
1555,
-1570,
1993,
-1897,
1748,
-514,
906,
1333,
-247,
1978,
-1315,
839,
-1933,
-1057,
-1890,
-1999,
-1199,
-1139,
-99,
748,
1035,
1961,
1816,
1405,
1974,
-417,
1457,
-1864,
442,
-1630,
-725,
74,
-1644,
1711,
-2000,
1805,
-1671,
271,
-771,
-1507,
393,
-1926,
1423,
-609,
1966,
1258,
1836,
1990,
1077,
928,
-49,
-971,
-1160,
-1994,
-1873,
-1219,
-1945,
656,
-1352,
1939,
-296,
1474,
861,
-320,
1724,
-1826,
1996,
-1685,
1585,
-25,
632,
1658,
-538,
1845,
-1523,
369,
-1988,
-1440,
-1772,
-1951,
-950,
-702,
198,
1180,
1277,
1998,
1920,
1014,
1905,
-884,
1239,
-1985,
148,
-1296,
-993,
561,
-1794,
1913,
-1982,
1539,
-1491,
-222,
-490,
-1783,
679,
-1736,
1615,
-124,
1999,
1600,
1698,
1881,
816,
466,
-345,
-1370,
-1388,
-1970,
-1956,
-794,
-1855,
1098,
-1119,
2000,
0,
1098,
1119,
-794,
1855,
-1970,
1956,
-1370,
1388,
466,
345,
1881,
-816,
1600,
-1698,
-124,
-1999,
-1736,
-1615,
-1783,
-679,
-222,
490,
1539,
1491,
1913,
1982,
561,
1794,
-1296,
993,
-1985,
-148,
-884,
-1239,
1014,
-1905,
1998,
-1920,
1180,
-1277,
-702,
-198,
-1951,
950,
-1440,
1772,
369,
1988,
1845,
1523,
1658,
538,
-25,
-632,
-1685,
-1585,
-1826,
-1996,
-320,
-1724,
1474,
-861,
1939,
296,
656,
1352,
-1219,
1945,
-1994,
1873,
-971,
1160,
928,
49,
1990,
-1077,
1258,
-1836,
-609,
-1966,
-1926,
-1423,
-1507,
-393,
271,
771,
1805,
1671,
1711,
2000,
74,
1644,
-1630,
725,
-1864,
-442,
-417,
-1457,
1405,
-1974,
1961,
-1816,
748,
-1035,
-1139,
99,
-1999,
1199,
-1057,
1890,
839,
1933,
1978,
1315,
1333,
247,
-514,
-906,
-1897,
-1748,
-1570,
-1993,
173,
-1555,
1760,
-585,
1760,
585,
173,
1555,
-1570,
1993,
-1897,
1748,
-514,
906,
1333,
-247,
1978,
-1315,
839,
-1933,
-1057,
-1890,
-1999,
-1199,
-1139,
-99,
748,
1035,
1961,
1816,
1405,
1974,
-417,
1457,
-1864,
442,
-1630,
-725,
74,
-1644,
1711,
-2000,
1805,
-1671,
271,
-771,
-1507,
393,
-1926,
1423,
-609,
1966,
1258,
1836,
1990,
1077,
928,
-49,
-971,
-1160,
-1994,
-1873,
-1219,
-1945,
656,
-1352,
1939,
-296,
1474,
861,
-320,
1724,
-1826,
1996,
-1685,
1585,
-25,
632,
1658,
-538,
1845,
-1523,
369,
-1988,
-1440,
-1772,
-1951,
-950,
-702,
198,
1180,
1277,
1998,
1920,
1014,
1905,
-884,
1239,
-1985,
148,
-1296,
-993,
561,
-1794,
1913,
-1982,
1539,
-1491,
-222,
-490,
-1783,
679,
-1736,
1615,
-124,
1999,
1600,
1698,
1881,
816,
466,
-345,
-1370,
-1388,
-1970,
-1956,
-794,
-1855,
1098,
-1119,
2000,
0,
1098,
1119,
-794,
1855,
-1970,
1956,
