1000,
0,
842,
559,
162,
927,
-208,
978,
242,
694,
1229,
172,
1919,
-408,
1674,
-849,
632,
-999,
-415,
-808,
-720,
-339,
-234,
245,
362,
745,
299,
991,
-568,
897,
-1614,
496,
-1991,
-74,
-1387,
-619,
-301,
-953,
399,
-960,
251,
-639,
-400,
-99,
-730,
475,
-202,
886,
929,
994,
1831,
762,
1820,
269,
975,
-316,
55,
-793,
-184,
-998,
336,
-862,
958,
-431,
896,
148,
-35,
676,
-1229,
973,
-1819,
936,
-1439,
580,
-536,
25,
35,
-539,
-207,
-918,
-943,
-983,
-1349,
-711,
-853,
-197,
333,
386,
1377,
836,
1567,
1000,
923,
822,
168,
363,
62,
-221,
709,
-729,
1465,
-987,
1519,
-908,
643,
-518,
-595,
49,
-1316,
600,
-1108,
945,
-373,
966,
53,
657,
-331,
123,
-1230,
-453,
-1811,
-874,
-1461,
-996,
-345,
-777,
732,
-293,
1028,
293,
517,
777,
-109,
996,
-87,
874,
716,
453,
1665,
-123,
1925,
-657,
1213,
-966,
52,
-945,
-684,
-600,
-545,
-49,
105,
518,
441,
908,
-59,
987,
-1127,
729,
-1926,
221,
-1798,
-363,
-849,
-822,
145,
-1000,
427,
-836,
-61,
-386,
-655,
197,
-577,
711,
335,
983,
1465,
918,
1955,
539,
1464,
-25,
467,
-580,
-175,
-936,
9,
-973,
691,
-676,
1044,
-148,
516,
431,
-656,
862,
-1642,
998,
-1739,
793,
-999,
316,
-162,
-269,
15,
-762,
-561,
-994,
-1238,
-886,
-1220,
-475,
-302,
99,
929,
639,
1599,
960,
1315,
953,
503,
619,
7,
74,
318,
-496,
1130,
-897,
1613,
-991,
1178,
-745,
12,
-245,
-1064,
339,
-1321,
808,
-756,
999,
-74,
849,
-37,
408,
-763,
-172,
-1612,
-694,
-1762,
-978,
-956,
-927,
256,
-559,
1000,
0,
842,
559,
162,
927,
-208,
978,
242,
694,
1229,
172,
1919,
-408,
1674,
-849,
632,
-999,
-415,
-808,
-720,
-339,
-234,
245,
362,
745,
299,
991,
-568,
897,
-1614,
496,
-1991,
-74,
-1387,
-619,
-301,
-953,
399,
-960,
251,
-639,
-400,
-99,
-730,
475,
-202,
886,
929,
994,
1831,
762,
1820,
269,
975,
-316,
55,
-793,
-184,
-998,
336,
-862,
958,
-431,
896,
148,
-35,
676,
-1229,
973,
-1819,
936,
-1439,
580,
-536,
25,
35,
-539,
-207,
-918,
-943,
-983,
-1349,
-711,
-853,
-197,
333,
386,
1377,
836,
1567,
1000,
923,
822,
168,
363,
62,
-221,
709,
-729,
1465,
-987,
1519,
-908,
643,
-518,
-595,
49,
-1316,
600,
-1108,
945,
-373,
966,
53,
657,
-331,
123,
-1230,
-453,
-1811,
-874,
-1461,
-996,
-345,
-777,
732,
-293,
1028,
293,
517,
777,
-109,
996,
-87,
874,
716,
453,
1665,
-123,
1925,
-657,
1213,
-966,
52,
-945,
-684,
-600,
-545,
-49,
105,
518,
441,
908,
-59,
987,
-1127,
729,
-1926,
221,
-1798,
-363,
-849,
-822,
145,
-1000,
427,
-836,
-61,
-386,
-655,
197,
-577,
711,
335,
983,
1465,
918,
1955,
539,
1464,
-25,
467,
-580,
-175,
-936,
9,
-973,
691,
-676,
1044,
-148,
516,
431,
-656,
862,
-1642,
998,
-1739,
793,
-999,
316,
-162,
-269,
15,
-762,
-561,
-994,
-1238,
-886,
-1220,
-475,
-302,
99,
929,
639,
1599,
960,
1315,
953,
503,
619,
7,
74,
318,
-496,
1130,
-897,
1613,
-991,
1178,
-745,
12,
-245,
-1064,
339,
-1321,
808,
-756,
999,
-74,
849,
-37,
408,
-763,
-172,
-1612,
-694,
-1762,
-978,
-956,
-927,
256,
-559,
1000,
0,
842,
559,
162,
927,
-208,
978,
242,
694,
1229,
172,
1919,
-408,
1674,
-849,
632,
-999,
-415,
-808,
-720,
-339,
-234,
245,
362,
745,
299,
991,
-568,
897,
-1614,
496,
-1991,
-74,
-1387,
-619,
-301,
-953,
399,
-960,
251,
-639,
-400,
-99,
-730,
475,
-202,
886,
929,
994,
1831,
762,
1820,
269,
975,
-316,
55,
-793,
-184,
-998,
336,
-862,
958,
-431,
896,
148,
-35,
676,
-1229,
973,
-1819,
936,
-1439,
580,
-536,
25,
35,
-539,
-207,
-918,
-943,
-983,
-1349,
-711,
-853,
-197,
333,
386,
1377,
836,
1567,
1000,
923,
822,
168,
363,
62,
-221,
709,
-729,
1465,
-987,
1519,
-908,
643,
-518,
-595,
49,
-1316,
600,
-1108,
945,
-373,
966,
53,
657,
-331,
123,
-1230,
-453,
-1811,
-874,
-1461,
-996,
-345,
-777,
732,
-293,
1028,
293,
517,
777,
-109,
996,
-87,
874,
716,
453,
1665,
-123,
1925,
-657,
1213,
-966,
52,
-945,
-684,
-600,
-545,
-49,
105,
518,
441,
908,
-59,
987,
-1127,
729,
-1926,
221,
-1798,
-363,
-849,
-822,
145,
-1000,
427,
-836,
-61,
-386,
-655,
197,
-577,
711,
335,
983,
1465,
918,
1955,
539,
1464,
-25,
467,
-580,
-175,
-936,
9,
-973,
691,
-676,
1044,
-148,
516,
431,
-656,
862,
-1642,
998,
-1739,
793,
-999,
316,
-162,
-269,
15,
-762,
-561,
-994,
-1238,
-886,
-1220,
-475,
-302,
99,
929,
639,
1599,
960,
1315,
953,
503,
619,
7,
74,
318,
-496,
1130,
-897,
1613,
-991,
1178,
-745,
12,
-245,
-1064,
339,
-1321,
808,
-756,
999,
-74,
849,
-37,
408,
-763,
-172,
-1612,
-694,
-1762,
-978,
-956,
-927,
256,
-559,
1000,
0,
842,
559,
162,
927,
-208,
978,
242,
694,
1229,
172,
1919,
-408,
1674,
-849,
632,
-999,
-415,
-808,
-720,
-339,
-234,
245,
362,
745,
299,
991,
-568,
897,
-1614,
496,
-1991,
-74,
-1387,
-619,
-301,
-953,
399,
-960,
251,
-639,
-400,
-99,
-730,
475,
-202,
886,
929,
994,
1831,
762,
1820,
269,
975,
-316,
55,
-793,
-184,
-998,
336,
-862,
958,
-431,
896,
148,
-35,
676,
-1229,
973,
-1819,
936,
-1439,
580,
-536,
25,
35,
-539,
-207,
-918,
-943,
-983,
-1349,
-711,
-853,
-197,
333,
386,
1377,
836,
1567,
1000,
923,
822,
168,
363,
62,
-221,
709,
-729,
1465,
-987,
1519,
-908,
643,
-518,
-595,
49,
-1316,
600,
-1108,
945,
-373,
966,
53,
657,
-331,
123,
-1230,
-453,
-1811,
-874,
-1461,
-996,
-345,
-777,
732,
-293,
1028,
293,
517,
777,
-109,
996,
-87,
874,
716,
453,
1665,
-123,
1925,
-657,
1213,
-966,
52,
-945,
-684,
-600,
-545,
-49,
105,
518,
441,
908,
-59,
987,
-1127,
729,
-1926,
221,
-1798,
-363,
-849,
-822,
145,
-1000,
427,
-836,
-61,
-386,
-655,
197,
-577,
711,
335,
983,
1465,
918,
1955,
539,
1464,
-25,
467,
-580,
-175,
-936,
9,
-973,
691,
-676,
1044,
-148,
516,
431,
-656,
862,
-1642,
998,
-1739,
793,
-999,
316,
-162,
-269,
15,
-762,
-561,
-994,
-1238,
-886,
-1220,
-475,
-302,
99,
929,
639,
1599,
960,
1315,
953,
503,
619,
7,
74,
318,
-496,
1130,
-897,
1613,
-991,
1178,
-745,
12,
-245,
-1064,
339,
-1321,
808,
-756,
999,
-74,
849,
-37,
408,
-763,
-172,
-1612,
-694,
-1762,
-978,
-956,
-927,
256,
-559,
1000,
0,
842,
559,
162,
927,
-208,
978,
